function V = getV
%GETV 
V = [-0.00483279476771736,0.00473424719198801,-0.0191311693902759,0.0210160626539124,-0.00512164106351341,0.00657619742782041,-0.00668637408938969,0.0137694524263313,0.00103802635439319,-0.0180868064472313,-0.00613198990161571,-0.0188902549022331,0.0234782586622338,6.70313946049212e-05,0.00993002857709105,0.00728977664991712,-0.00716886364175643,-0.00948071741423161,-0.00377310783727911,0.00861283057068332,0.00207854411897111,-0.00611799652243825,0.00292872242295634,-0.0104373603698920,-0.0130014603077316,0.0138649130953657,0.00511990089292846,-0.00676596271528691,-0.00467237608632942,0.0176973299592921,-0.000466364962663798,0.00181831872947640,-0.00293235739819268,0.00888047980689739,-0.0245034643941692,-0.0130739971618966,-0.00216460224941779,0.0130783018960876,-0.00466330164191965,0.0190113204035595,0.00184690764289756,-0.00487432506720186,-0.0112087049954097,-0.00394669681869510,0.0183882703970908,-0.00303024676411157,-0.00312683945478860,0.0107942317882599,-0.00750968307921773,-0.000778223363183886,-0.00414732976317154,0.00202425640122376,0.00791461074549127,-0.000584305961007029,0.00221634834832237,0.00125629485465456,0.00226307312107071,0.0127102540327338,0.0231615358917048,-0.0129878239365133,0.00402538994662404,0.0195220177699295,0.00544738022464355,0.00323488656460583,0.000251648016639729,-0.00455902282044397,-0.00965842019911467,-0.0122772367072394,-0.0104412764625682,0.00771779129634337,-0.0218175219019104,-0.00385256912241093,0.00545781457094139,0.0244924766169437,-0.00290331797863307,0.00144670850209977,0.00457553401629891,0.000517640562509458,-0.0148156804318870,-0.0349840755289561,0.00647001762902643,0.00285312741708405,-0.0106378450142056,-0.0182122082684071,0.00488128820603896,0.0104758966895091,0.00158907777330128,0.00772521975467128,-0.000239899381955731,0.00637813357652325,-0.00985412957820053,-0.0202631237043946,-0.00962051454301207,-0.0212486835881198,-0.0162444698155505,0.00667058323594162,-0.00841210758857518,0.00895612416535211,-0.00412528811596786,0.00996348628009252,1.22870043746798e-05,0.00879739516627943,-0.00564179616949600,0.00721185285965506,-0.0108322676075865,0.00917671046867618,0.0105363781731060,-0.00806067926391768,-0.00405423592504506,0.00480582608408265,-0.000536187502092814,-0.00793604591702564,-0.00598999627386970,0.00657593581842827,0.00779809375609773,0.0134260202464323,0.00666032249813000,0.00453168200075356,0.00660753982145504,0.0189401343138545,-0.0204313274528188,-0.0117652203206873,-0.0185605433216973,0.0167788385188407,0.00640800472624586,-0.00463643200728856,0.0102592166108580,0.00149642214065328,0.00736577658388203,-0.00947368960381301,0.00486699393688988,0.0153616166192727,-0.0108060032351418,-0.0157524440192171,0.0120747289863723,-0.00529889312103178,0.00945118447925507,0.00320536345009361,0.00506841892982848,0.00398346034115659,-0.00520160718066302,-0.00152024135246976,-0.00795880857502054,-0.00366350091028559,0.00561783104806773,-0.0122104676973680,-0.0127721703428494,-0.00685483732986313,-0.00404721652163527,-0.00703022572030343,0.00530688431028174,-0.00145337322507964,-0.00692726034028943,-0.0305810367148537,-0.0148005840183175,0.0200989397300426,-0.0148552342786148,0.00112883965407799,-0.00328596988225175,-0.00401000496565663,-0.0277776717413860,0.00630227576429078,-0.000649470673840327,0.00625952324612765,-0.00693723232549167,-0.000101897232640201,-0.00976591870169763,0.00938760136617839,-0.00801764482022530,-0.0146592422973998,0.000208356022389032,-0.00616104452548879,-0.0221874581159073,-0.0117245186871968,-0.00275781393002797,0.0139852908163922,-0.00562003658120064,-0.0133594567095399,0.00238164254912088,0.00145286119489223,-0.00496030941955310,0.00804196523051051,0.0147376761216587,-0.00538170691150860,0.00535326886893926,-0.00318991927899311,-0.0103021850841820,-0.000824108480829794,0.000956131594272581,0.00110548237936267,-0.0144908286532553,-0.0103448554885366,-0.000899567747693069,-0.00634016791169014,-0.00477031407169492,-0.00205594873282139,-0.00337636628425279,0.0246096096371941,0.00804929208367347,-0.00121145609490446,0.0130336492850455,0.00449321237052090,0.00202607484538191,0.00452126774109657,-0.0175904791649621,0.0192071012854895,0.00409790141028299,-0.00604262874988038,0.00196812486225253,0.00552562032355500,0.00435514098919612,0.00377420459610315,0.00427107839834699,-0.0178879656653726,-0.0106224293179725,-0.00139698739408918,-0.000879608909692690,0.0250469316008489,-0.00173787766040574,-0.0188803063878929,0.000517622210479949,0.0233927826979574,-0.00577961183482363,-0.00674788808788312,-0.0110483763092015,-0.00320301882486688,-0.000792726148865602,0.0120856354448264,0.00441151600789913,-0.0146430078585050,-0.000590275918817608,0.00136234744342935,0.0123004001259744,0.00179174420751651,-0.0184499032974880,0.00244112825440751,-0.00350148960523442,-0.00135922591376540,0.00185980744340504,-0.00795519205007277,0.00221705749404148,0.0124757351836004,0.00226717962744438,-0.00319121309067709,0.00398831156786069,-0.00860319960388476,-0.0137492047873870,-0.0179067597210106,0.00581345062496057,0.0253242428145825,-0.0116231264076622,0.00989435961244892,-0.00188439798380191,0.00289469397122791,-0.00228398419488308,-0.0139884305492240,-0.0207143396804728,0.0107085536539942,-0.00547191250859531,0.0241464421997408,-0.00602819917990712,-0.00110407446860065,0.00183494611151373,0.0111128701375419,-0.000974274580148198,-0.0151054762592081,0.0131174926254946,-0.00813630019145837,0.0145169421713049,-0.00638527248518746,0.00824039663522817,-0.00531739043617923,-0.000275069042965268,-0.0196933220116161,-0.00170402480399590,0.000544638343006594,-0.0103997084594147,-0.00316501735583110,0.0143974827233566,0.00670377932111534,-0.00750739104624368,0.00811941752872872,-0.00297455792792064,0.00349074536858295,-0.0113327281585242,0.0193303400866640,0.00601028395035016,0.0127490385944552,-0.00522491018888625,0.00414484855649191,0.00629467758772044,0.00326735438770232,0.00426555930675657,-0.00792835305884591,0.00109755813921307,-0.00924321232632949,-0.0169960888844975,-0.0181346511109877,0.00406998432923554,-0.0114953859713319,0.00255447248300820,0.00631376545028999,-0.00317245134105201,-0.00759262616538085,-0.0123712230909792,0.0116231442588924,-0.00971630202379842,0.00250803071354528,0.00360115430961584,0.00209888160222416,0.00965391881513652,0.0138406628306596,-0.0157695017650547,0.00274280682437622,0.000108060839488030,-0.000559157284208703,-0.00839206083410352,-0.00597348903154971,3.60589951329965e-05,-0.00164244339109226,-0.0154573604674796,-0.00530287690302503,0.00262149437695000,-0.00387864745816761,0.00202707285674815,-0.00435547124447502,0.0118326834189123,0.00693643436776568,0.00842807842955895,-0.00592240992893092,-0.00559937611633164,0.00694595454159800,0.00471046962579950,0.0117121917700200,0.000891620079146306,-0.00265158454190436,0.0120748696249220,0.00414575595243346,-0.00515907955738622,0.00498250873457276,0.00743491339901600,-0.0140820935118449,0.00811889843811580,-0.00749505967053586,-0.00613048137473549,0.0113903965361794,-0.00176281820810775,0.00517218211936656,0.00453394585397182,0.00206352183049709,0.00528511948753858,0.00688070818758927,0.0105396456807273,0.00101914105677825,-0.00432183636239445,0.00352364738591539,0.0187594067412152,-0.0146647026256473,-0.00171363833773609,0.0186311847704680,-0.00443805864151582,0.0120420931794777,-0.00301348407797802,-0.00506133166641834,0.0120148463027579,-0.0201374095694664,0.00763234182325938,-0.00755654246839047,0.00721535295540602,-0.00515892810892833,-0.00833176160102357,-0.00502874645046649,0.0175719482500230,-0.0111519657873414,-0.00948451648365827,-0.0161029451648365,0.000412027532760046,-0.00596241380298961,-0.0209786664498505,-0.00632350842390898,-0.0198808542435398,-0.00126799364612989,-0.00495941782283489,0.0117237889331560,0.00693957787500724,-0.00801224791357290,-0.000781053532484401,-0.0114136760332670,-0.0170636271286304,-0.0135368067550052,-0.000967371592430221,0.000961183930768953,