function W = getW
%GETW 
W = [0.00929569681047934,0.00111247809657358,0.00234056668055976,0.00965106646904502,-0.00858251276853577,0.00670463771000354,0.000919664154453662,0.0128867125499477,0.00283513311157630,-0.0105316725157709,0.00153162653388043,0.00200233875369978,-0.00698061230536852,-0.0199728714657530,-0.00133636028676469,-0.000852108203204849,0.000357845760008651,-0.0250343331226458,0.00204159079075318,0.0195547227895969,0.00911824024487589,-0.00752130220702627,0.000950777385106808,0.00266587227827986,0.00102903670407667,0.00256351673161149,-0.00451671412660929,0.00705500603306348,0.00534985260180473,0.00231484407322007,0.00882019108313626,0.0227056610682446,0.00792404544278146,0.00972319210765541,0.0159857994492154,0.0156477953134603,0.00225510493554220,-0.0166430778148242,0.00341979251854832,-0.00587459200776034,-0.00564205723533821,-0.0106150681427504,0.00953391082174148,-0.00235372067827219,0.0119164835576806,0.00510012806317860,-0.00664537812302020,0.0183162408388248,-0.0154124934110110,-0.00343418786426732,-0.000423099381239224,0.000882071204148599,-0.00621547633444614,0.0210616388795213,0.00590580462817768,0.0193153210055542,0.00611007970588903,-0.00617054942946564,-0.00457468314969312,0.00571088621417934,-0.000928703405002420,0.0100442038531229,-0.00212944056103015,-0.00693827253080274,-0.00686014486992505,-0.00327462617130391,-0.00872823284378771,-0.00831069859705072,-0.000699471014061181,-0.00328131156752989,0.0198645967831745,0.00981498066838403,0.000776273264190081,0.00440726827315353,0.00346227626366177,0.00707893321657199,0.0142090284518032,0.00685653752643883,0.00890115016372912,-0.00856441525754448,0.00249800162788938,0.00479877495618313,-0.0124275912700639,-0.00426967869504062,0.00122607774279883,0.0137747305438199,-0.00900654285711789,-0.00767093617166218,0.00556175554086717,-0.0107405343283486,-0.00365458485702872,0.00967985537689886,-0.00212131897385255,0.0118358688652114,0.00626159632352482,0.00594271895469464,-0.00113009821850084,-0.0113632220319009,-0.0132915189877489,-0.000939747568466760,-0.0212505730442504,0.0179657565368453,-0.00531230183842652,0.00906067856500417,0.0173208601866014,0.0159422809470964,0.0142939255779493,0.0104592080163946,0.00667062321889271,-0.00832361917326720,-0.00575148873617740,0.0164987456272685,0.00408049969589903,0.00474272015680775,0.00452514043089788,-0.00252085243690501,-0.000333153485012821,-0.000265703442754120,-0.00455523848621214,-0.0105154796545852,-0.0276309611844936,-0.000382521549611211,0.00976233490185053,0.0131398629098808,0.00521692260612798,-0.00554515067078709,-0.00552061095029945,0.000726312028974109,0.00415864744488341,-0.00427590448880768,-0.00689609570082332,0.0146542318222663,-0.00159328632852496,-0.0157370893130710,-0.0241016196919788,-0.00434866589096208,0.000457262287677264,0.0107013397126762,0.00674729711806879,-0.00726229992225875,-0.00413424621903793,-0.00290613396819805,0.00802116500901736,-0.0128952763918017,-0.0101699063161406,-0.0124149010443472,-0.0114127551943767,-0.000169820251960330,-0.0163849625845608,-0.00510101041179800,0.0126170083362955,-0.00454622699216781,-0.00604507487492162,0.0103245874011224,0.0155741922456466,0.00445092568802648,0.00161263056365298,0.000103991892803258,0.00603642909644911,-0.00773220389821863,-0.00287729524863999,-0.00517410592663101,0.00620474096366741,0.00469827900825827,0.000243157464221290,0.00135297989003939,0.0140904303278281,-0.00184819370907191,-0.00475065355014508,-0.0103609942109980,-0.00733973879804344,-0.00255095454949409,-0.0103825451239406,-3.73581727573607e-05,0.000799228675607844,-0.00570226952655439,-0.00841966685847126,-0.00366757335735694,-0.0122856392917710,-0.00675260586816373,-0.0130936276632419,-0.00951917827231624,-0.00668160597588802,-0.00604476549053210,0.0132040123915797,-0.00781479041429316,-0.0101296690439106,-0.00428948003578315,0.000272589783680861,-0.00148262628902927,0.0226999636824504,-0.0179578360677022,0.0158319543260829,-0.00227463915122335,2.12106698154480e-05,0.00899116310165945,-0.0161328042989357,-0.0137368069866365,0.00350349845913687,0.0139718387704349,0.0106260487783603,0.000834245651629777,-0.00985568903967431,-0.0117087676207261,0.00748925283818848,-0.00651331432709744,0.00677320894427095,-0.0165453973013615,0.00967227112227645,-0.00481747718241940,-0.0144719440288181,0.0120797194638300,0.00382413508056905,0.00452288727775794,0.00531265041988270,-0.0234278032353397,0.0186160718453617,-0.00356568387596814,-0.00389185827453435,0.00424251179301496,0.00980852863565020,0.0117566166564044,-0.00284607778760574,-0.000895768833481879,0.0150828396678026,0.00204376330487603,0.00123337033184816,0.00217162355466117,-0.00567809544628678,-0.00501651440396817,0.00156170739246833,-0.00226594472018850,0.00228229481198285,0.00265070611325209,0.000753915847111711,-0.00584070303816345,-0.0161870372062880,0.0122436556559712,-0.0156279733918892,0.0173665633622915,0.00453930984086609,-0.0239462577177732,0.00204723392726391,-0.0112494707760352,-0.00142454832151162,-0.00366313585173178,0.000372725963658223,0.000121953549921258,-0.0118126876035950,3.62752696808458e-05,-0.0112391706155938,-0.00810283992951568,-0.000870511056132429,-0.00657243777629916,-0.0195345102080583,0.000892396072679701,0.00934952198717690,-0.00790893797472710,0.0128633672841396,-0.0105400256539706,0.0264623050379297,-0.00423555186266643,-0.00173150670084297,-0.00660371365693692,0.00766790767687095,-0.000129475408755786,0.0227399843318749,0.0107183862129095,0.0158327271990347,-0.0105931317148609,-0.00433087677625992,-0.000155244266408650,-0.0134803070882721,-0.00579729213251040,0.0103616417183709,-0.0245811395660539,-0.00725105108299643,0.00987562390765181,-0.00276521102410763,-0.0105287540883855,0.0141274532781735,0.0287487128259471,-0.0116698450235934,0.00955964374182874,-0.00660069528801958,-0.00516668869269244,0.00112971740010942,-0.00747057723389110,0.00586169483233724,-0.00714720702633615,0.00222333850716722,0.00912887624716908,0.0152559160587569,-0.00316511272125293,-0.00538193516434046,0.00286637770602667,-0.00484945480424508,0.00193981505819922,-0.00401866729801190,0.00535399999743906,-0.00259423449754430,0.00274200321724639,-0.0107383343355810,0.00652067577309346,-0.0153892648715979,-0.00847390831889820,0.00767117267810580,0.00532176755127963,-0.00266704106745930,0.00266888026993102,-0.0154659468230520,-0.00453232261757156,0.0267940036293991,0.0121615349747292,0.0134798678207640,-0.0161943850254514,-0.00369456455704637,0.0119377260543167,-0.0139257544899945,0.0131080517071202,-0.0122213603421503,0.00113360124896484,0.0225940381454161,-0.00576043204170556,0.00338505908656256,-0.00747953484404342,0.0108599893416452,0.00384357991726557,0.0243371629154823,-0.000350202397504226,-0.00182352205638785,-0.00716692381380220,-0.0155335692707905,-0.00887314341910491,0.00857638129015122,0.00244283469830602,-0.0136372070391306,0.00833128131803234,-0.00174291764413309,0.00904222426280618,0.00471280530777601,-0.00459902476533817,0.00387714398716494,-0.00473630107831736,-0.00662614578250825,-0.00168952373559881,0.000721606789114034,-0.0199812172343144,-0.00443183908387312,-0.000436437990070564,0.00268839614388934,-0.0248385094087961,0.0127513855755230,0.0141248440977182,-0.00835334789788867,0.0133371319166383,-0.00660262562321768,-0.000463053903146718,0.0108607233543193,0.00826048955770812,-0.00753890200877709,0.00995744068683756,0.00610825970014842,-0.000199393525178911,-0.00535853655765921,-0.00474843603128504,0.00494184532226135,-0.0212187001335332,-0.0204338987252476,0.00261174728897036,0.000909726282955254,-0.000320520221029845,-0.0167949089583029,-0.00491919026929145,-0.0172104927217575,-0.00426500576591900,-0.00982023787069916,0.000378094272046073,0.00888636879453728,0.00992312580975069,-0.00283491329881643,0.00767940399732069,0.00697198730324096,-0.0147375503116705,-0.00346983311267175,0.00215653442018219,0.00336765778048128,0.000166439509755113,-0.0109893685959625,0.0121303001390957,-0.0105211312789994,-0.00995497325980251,